103.19328537100046
64.8067938309996
32.079865285999404
12.6897131909991
47.58758491700064
66.66121008499977
57.389830747000815
35.248791985000935
16.502122832998793
33.13981559700005
18.78876411300007
60.51631825700133
65.30066075099967
7.3143263470010424
<<<<<<< HEAD
45.20426872600001
16.793048372001067
51.01966909800103
133.36321014699934
107.47275435499978
70.09064377300092
44.903774475998944
66.87514726399968
41.61575352900036
57.17385495800045
=======
4.067339083994739
3.983360665035434
7.391598878079094
4.481530669960193
57.33321888791397
3.795424825977534
3.7770029939711094
3.772000031080097
3.7704299360048026
4.283404953999707
4.271018430999902
4.588510394009063
3.272227547990042
3.1080095099896425
13.45767598299426
3.3703608390060253
3.0495257409929764
0.020546936997561716
3.309615542006213
3.359607298974879
3.235923233005451
3.264234475995181
3.155984075012384
3.0673060299886856
3.2068688930012286
3.1746688970015384
3.12377157699666
3.6797396919864696
3.1777358090039343
3.399389093014179
3.362254370993469
3.3251596160116605
3.210029251999913
3.2798919970000497
3.284881567999946
3.1553303789987694
3.3026370630104793
0.04215040600684006
0.007966363002196886
11.877396347000285
11.056126952999875
11.201554066
10.480520239000043
0.931439040999976
0.03677991699998984
1.9124948759999825
3.629949398000008
=======
3.6387458150002203
3.580600549999872
19.13467189399944
3.6376095129999158
20.534010031000435
19.822849989000133
20.557789455999227
4.137763130999701
3.923275064000336
3.638804157000777
19.093038101000275
5.3295742020000031.9000679160003529
